uhxkpn: 307713.16401451355
iefuo: 368341.1405537024
OganDF: 530565
OlSPI: 723898
IdOgcl: 355100
URcY: 8676
OzRh: 265453
aukd: 204690.223036554
OwMm: 304077
UpxIa: 2804
